4.416149721803973  9.399397008075199e-37
4.531387782643579  5.718708498849021e-37
4.770963678352412  1.8875625879456722e-37
5.121198049968125  5.44988924646837e-38
5.391957399812965  2.3505724970934082e-38
5.787778650825788  7.758026385690394e-39
6.162083335432896  3.22934927327937e-39
6.3031551308749405  2.6934674713271694e-39
6.437104884315309  2.2519612023132377e-39
6.57390123379753  1.876461432663445e-39
6.716888672844449  1.565084719423645e-39
6.859630769926395  1.3345874172200735e-39
6.9951361509829395  1.1124622170163551e-39
7.157779319501447  9.120619469238651e-40
7.30989088190475  7.799987020847913e-40
7.45429071662718  6.63681538469171e-40
7.576800511806187  5.66425546155333e-40
7.751704171880497  4.813701786837909e-40
7.90483160145781  4.110744648340774e-40
8.060983915521039  3.4410959460044955e-40
8.280742381691567  2.8554999800980204e-40
8.485717389994887  2.426994822185226e-40
8.6957661890397  2.0657878680941527e-40
8.911014371466312  1.750701250617283e-40
9.131590638736832  1.4901463205125993e-40
9.380535975124621  1.2714310983752853e-40
9.659859315956838  1.0798362322571329e-40
9.947500041738122  9.171132356172089e-41
10.26878419075134  7.766214623181259e-41
10.652412167311853  6.68349824429911e-41
11.077425200731112  5.74870412900026e-41
11.547597009978452  4.899978314630993e-41
12.037724858305735  4.1727704435403967e-41
12.548655762671286  3.554204027687846e-41
13.081272690941569  3.0261131626376873e-41
13.60319310671577  2.6028628417335103e-41
14.145937254770276  2.2347537351161104e-41
14.74634942565415  1.90501164789139e-41
15.447605568438396  1.6062899148731662e-41
16.26154035036387  1.4164973380894715e-41
17.160270103350765  1.2602094265060165e-41
18.108670130586045  1.1219051264135723e-41
19.109485568898346  9.974626583605217e-42
20.16561327113403  8.891662087729088e-42
21.280110191076172  8.2082574566745e-42
22.456202231774625  7.88846106698979e-42
23.697293582898382  7.581124049028637e-42
25.006976574137244  7.285760981602079e-42
26.389042073173464  7.001905355688751e-42
27.847490458320035  6.724671984664384e-42
29.386543197585944  6.466940560919137e-42
31.010655067684027  6.239630477636283e-42
32.724527048349  6.271603821741312e-42
34.53311992928831  6.442451063563771e-42
36.44166866915116  6.587467843956148e-42
38.45569754807734  6.762457879018396e-42
40.58103615768505  6.919240090504906e-42
42.82383627478053  7.131208758215753e-42
45.190589667630135  7.408073278272287e-42
47.688146886335566  7.716017056574295e-42
50.32373709170008  8.015586376664004e-42
53.104988979980675  8.348783668512429e-42
56.03995286409277  8.718803848178318e-42
59.13712397518108  9.105223414724522e-42
62.40546705200284  9.515042957911852e-42
65.85444228929781  9.93675204088807e-42
69.49403272025138  1.0390849317918181e-41
73.33477311231003  1.0851374357751001e-41
77.38778045998735  1.1354755526748786e-41
81.66478616292206  1.1889327149097902e-41
86.17816998232682  1.244085760059664e-41
90.94099587411546  1.3043757116529253e-41
95.9670498024259  1.3657845406399057e-41
101.27087964299103  1.4300844417649695e-41
106.86783729185701  1.498399497146406e-41
112.77412310133178  1.5730875641521003e-41
119.00683277178454  1.6493213545703565e-41
125.5840068350243  1.7269699124992975e-41
132.52468287248328  1.8130511243438062e-41
139.84895061935694  1.9021680477024718e-41
147.57801011419104  1.9956653362490127e-41
155.73423306223776  2.095139733189593e-41
164.3412275901884  2.1995724542875145e-41
173.42390657972115  2.3076880651484694e-41
183.00855977765323  2.424313783369134e-41
193.1229298914151  2.5468335209574504e-41
203.79629289011376  2.673781022627025e-41
215.05954274360462  2.8126160982844945e-41
226.94528084486095  2.956709333946754e-41
239.4879103744603  3.1061352268345336e-41
252.72373588033645  3.265265751441946e-41
266.69106836102486  3.4348134495544043e-41
281.4303361565597  3.60840172240553e-41
296.9842019680077  3.8007770763153286e-41
313.39768634433545  3.992860383854293e-41
330.71829799405526  4.208507338529561e-41
348.99617129883086  4.4211964789751383e-41
368.2842114270677  4.663051662123502e-41
388.6382474675354  4.901944628165224e-41
410.1171940262439  5.159878439794919e-41
432.78322175433925  5.431384385797396e-41
456.70193730058526  5.720948734176464e-41
481.94257320932286  6.018006849115703e-41
508.5781883135584  6.334666371560476e-41
536.6858792032057  6.681195168180065e-41
566.3470033806004  7.02347971617128e-41
597.6474147491784  7.412576553250822e-41
630.6777121169646  7.812916010765939e-41
665.533501434152  8.218598741057145e-41
702.3156725238064  8.662469956132327e-41
741.1306911067187  9.118277612766189e-41
782.0909069656318  9.617079851599146e-41
825.314879140863  1.0129796916482215e-40
870.9277190985542  1.0690981984246422e-40
919.061452864885  1.1268382014739203e-40
969.8554031744301  1.1869135241470243e-40
1023.4565927387652  1.2526678676911809e-40
1074.7513719016977  1.3119504704453629e-40
