1.8512312960924953  1.1947064546725587e-41
1.9534892394355035  1.0499562726335541e-41
2.0613956865601906  9.250386282805326e-42
2.1752626483864788  8.396385508704872e-42
2.295419370630954  7.678224986160357e-42
2.422213285819116  6.969367011862898e-42
2.5624378837872244  6.264335366568958e-42
2.697199442260744  5.792067670964441e-42
2.8461868045280414  5.323035934954022e-42
3.0034039008548876  4.795743406998445e-42
3.169305323642007  4.005470503214129e-42
3.344370775974056  3.267412199620956e-42
3.5291064586785477  2.6096709869253805e-42
3.7240465340028592  2.0535045315720277e-42
3.929754670141545  1.6038716557289205e-42
4.146825671079927  1.3230429498713958e-42
4.3758871964666675  1.1216141127064098e-42
4.617601576488323  9.520336837030458e-43
4.872667726993558  8.192071976526651e-43
5.042270082643856  7.625925792015893e-43
5.269136601828261  3.785515249258692e-43
5.441473472470987  2.1287516617964075e-43
5.583392555016243  1.2409377607517398e-43
5.803241358615244  6.493816315762219e-44
5.9930471144541  3.9241897584846e-44
6.109897535103638  2.6416483203861355e-44
6.2216375175745755  2.0926736112804465e-44
6.469739136517017  1.525141400194764e-44
6.694930563364678  1.1358880784025282e-44
6.927960200943191  8.509489638868e-45
7.169100872904513  6.337660123084749e-45
7.4186348990404225  4.738592947428303e-45
7.676854425813513  3.5360821721296575e-45
7.9440617683929196  2.638732059659021e-45
8.240684713186454  1.9710243765223013e-45
8.61128815008915  1.4714125066241608e-45
9.020577128757767  1.086337812310757e-45
9.472440930327162  8.17671548897663e-46
9.995677724139982  6.198819461731607e-46
10.547816967111704  4.87774279548555e-46
11.130455166936859  3.9987715363653845e-46
11.745277018882078  3.278191259868287e-46
12.394060277073473  2.694142964664065e-46
13.078680894863348  2.203178475548801e-46
13.801118449139338  1.806164807564558e-46
14.563461864260443  1.4825331011635645e-46
15.36791545217084  1.2184024078393447e-46
16.216805286156067  1.0497152838333502e-46
17.112585926671702  9.17960968198026e-47
18.057847518691883  8.027437078536758e-47
19.055323281099692  7.046080256659192e-47
20.107897409775216  6.123555323890366e-47
21.21861341723248  5.57204739047034e-47
22.390682932919905  5.321814177365785e-47
23.62749498962976  5.108129730406002e-47
24.932625822868452  4.86662821114979e-47
26.309849211522717  4.677025185108618e-47
27.76314738972105  4.461442358642401e-47
29.29672256144276  4.287625306053674e-47
30.915009051168454  4.095073774859452e-47
32.622686125705656  4.0747824088204533e-47
34.424691524264155  4.177254741098971e-47
36.32623573590268  4.2347088497601366e-47
38.3328170656303  4.3574064829685814e-47
40.45023753272644  4.400912059357766e-47
42.68461964724859  4.517192051939641e-47
45.04242411323799  4.70615625926668e-47
47.530468509810824  4.854556002839903e-47
50.155947004152345  5.070210111521023e-47
52.92645115341308  5.262665467552392e-47
55.849991855655915  5.455646774052934e-47
58.935022513325734  5.705083597174808e-47
62.190463476217396  5.914288323005434e-47
65.6257278346202  6.184694628878009e-47
69.25074863721852  6.411486633261836e-47
73.07600761244909  6.704625269893387e-47
77.11256547636377  6.967767383918244e-47
81.37209391463082  7.304459167882323e-47
85.86690933115263  7.591143471608572e-47
90.61000846088211  7.948081192229594e-47
95.61510594981273  8.301159077052168e-47
100.89667401080507  8.702282120435198e-47
106.46998426991354  9.066317969236048e-47
112.35115192421173  9.5162248593112e-47
118.5571823388001  9.938964444320116e-47
125.10602021772814  1.0484125081131685e-46
132.01660149101187  1.094986173106428e-46
139.30890806777472  1.1521818724423721e-46
147.0040256138315  1.2033652874847882e-46
155.1242045207801  1.2662220804423027e-46
163.69292424289011  1.3224715075764e-46
172.734961187821  1.3950101923935382e-46
182.2764603574734  1.458791248063847e-46
192.34501094612287  1.534990005333478e-46
202.96972611443  1.6091627632323122e-46
214.18132716998954  1.6953200724156833e-46
226.012232397828  1.7816597960524232e-46
238.49665079770438  1.87007286745956e-46
251.6706809992498  1.977553491375311e-46
265.5724156409656  2.065402418301302e-46
280.2420515148845  2.1841094186642122e-46
295.7220057953816  2.2953423396141575e-46
312.0570386882105  2.4182388695080734e-46
329.29438285439903  2.5445535816934242e-46
347.4838799832404  2.6675097938640395e-46
366.6781249092725  2.82082233153828e-46
386.93261768996234  2.953458198198141e-46
408.30592408383046  3.1154578875164974e-46
430.85984489302814  3.278191259868287e-46
454.6595946600323  3.4494248756620113e-46
479.77399023514806  3.647677224133497e-46
506.27564976006516  3.8191920425285716e-46
532.1690983158635  4.067944321083114e-46
563.7515111313849  4.23385157990189e-46
594.8919041263008  4.4771880922340856e-46
627.752423908872  4.7227656597121136e-46
662.4280864978765  4.957128144871438e-46
699.0191563878985  5.248548119609883e-46
737.6314364635808  5.502164942940032e-46
778.3765739281029  5.811175467155318e-46
821.3723831304818  6.107128598367801e-46
866.7431862251325  6.442109786239843e-46
914.6201726487235  6.7870312928321234e-46
967.1093856205159  6.963473719121102e-46
1006.4574332276736  7.498942093324682e-46
1064.256419527438  7.838658999670677e-46
1099.8  8.0551e-46
1235.3  9.0554e-46
1387.5  1.017e-45
1558.4  1.1418e-45
1750.4  1.2897e-45
1966.0  1.4424e-45
2208.3  1.6211e-45
2480.3  1.8198e-45
2785.9  2.0411e-45
3129.1  2.2929e-45
3514.6  2.5837e-45
3947.7  2.8963e-45
4434.0  3.2564e-45
4980.3  3.6548e-45
5593.9  4.1043e-45
6283.0  4.6213e-45
7057.1  5.1878e-45
7926.6  5.8314e-45
8903.1  6.5347e-45
10000.0  7.3404e-45