2.098738892794409  2.5984879298616447e-37
2.1915037914513698  2.1792689842611614e-37
2.282876916206844  1.8536501276256392e-37
2.383780771615116  1.586565429919935e-37
2.5011354890210264  1.3489377434694073e-37
2.6369094426607256  1.1682784218364147e-37
2.780053875256034  1.0185099569381957e-37
2.9169173153796937  8.97295593346622e-38
2.973531072015619  7.514723224689498e-38
2.9878553730767763  6.490293836059537e-38
3.014640970298866  5.288327269961564e-38
3.0605186109849334  4.3400347008922487e-38
3.0816022519823014  3.6113521291124807e-38
3.1242062645385054  3.0060521855777084e-38
3.165225523928718  2.4980606814047307e-38
3.195794466290472  2.0634725107054264e-38
3.234421140826124  1.7439229737991565e-38
3.2617372661012722  1.4568360626073072e-38
3.31042819060713  1.1701096800361489e-38
3.362345749788482  9.57306604346865e-39
3.418205031877345  7.737915820457393e-39
3.442934377389185  6.509191058500102e-39
3.476185361163344  5.495478318118252e-39
3.4971301034002913  4.8226850101647577e-39
3.540816663324618  4.060149434229855e-39
3.596347412848219  3.295076305857879e-39
3.6648898244526684  2.7484789719307364e-39
3.736020802189017  2.3113416675645647e-39
3.808532344208626  1.9053327928850452e-39
3.88245124555637  1.5692194070516714e-39
3.9578048213357926  1.2900566099395696e-39
4.034620916802808  1.0750826308447852e-39
4.122822557151906  9.156461831683009e-40
4.229858054085332  7.74919298047739e-40
4.334709695572766  6.433655850164232e-40
4.4523376624683895  5.458419742410654e-40
4.5715880832196785  4.612809628732402e-40
4.705325107286208  3.889724634860096e-40
4.842974468002628  3.2998785166393682e-40
4.984650616682388  2.8062564315782936e-40
5.142813938293429  2.4084238508281993e-40
5.305995793444073  2.0681334330803208e-40
5.421991209696969  1.7973476137993884e-40
5.720903925506849  1.6039884877364357e-40
5.926113781884088  1.3515417864227447e-40
6.21785932177158  1.1521504316501313e-40
6.539662616943962  9.81656933048673e-41
6.894667714776454  8.468285709416738e-41
7.268944237890203  7.382686482970991e-41
7.663538334170512  6.53895109236664e-41
8.079552941562692  5.826124751628306e-41
8.518150870916212  5.266878682482645e-41
8.980558056180866  4.808654367793492e-41
9.468066981039545  4.4398001037282367e-41
9.982040291555565  4.126366001137039e-41
10.523914604932223  3.8502662354949627e-41
11.095204525030685  3.6164149008896977e-41
11.697506875869795  3.41473746178043e-41
12.332505164941312  3.2542180741971836e-41
13.00197428881573  3.127950011775751e-41
13.707785494191569  3.0165129381684147e-41
14.45191160825498  2.916730955048102e-41
15.236432552968878  2.8295657279802016e-41
16.063541158704968  2.746816515151545e-41
16.93554929346822  2.6894491071748527e-41
17.854894324846033  2.643721457406542e-41
18.824145932743644  2.609076098581584e-41
19.84601329194842  2.597057791295562e-41
20.92335264459922  2.5765836353554826e-41
22.059175283726546  2.534446085686854e-41
23.2566559701787  2.532774992997512e-41
24.519141806459967  2.532774992997512e-41
25.850161592284735  2.532774992997512e-41
27.253435687996905  2.532774992997512e-41
28.732886413424424  2.5461746471226953e-41
30.292649011234744  2.5512177738820293e-41
31.937083205435442  2.5765836353554826e-41
33.670785387326966  2.605636632555068e-41
35.4986014629689  2.6350172250380736e-41
37.42564039807025  2.666487261031057e-41
39.457288498162846  2.7108201194166096e-41
41.599224463972796  2.754072951001024e-41
43.857435264072066  2.798015908583304e-41
46.23823286917545  2.86524846658823e-41
48.74827189485745  2.916730955048102e-41
51.39456820200332  2.9907587025548544e-41
54.18451850698357  3.060603263533427e-41
57.12592105636577  3.1320789366087816e-41
60.226997423951104  3.2264343713791646e-41
63.49641549106208  3.3148751987537436e-41
66.94331367431282  3.4079873701003295e-41
70.57732646858241  3.51297096882782e-41
74.40861137658631  3.6235778183196315e-41
78.44787730031814  3.7426009121162654e-41
82.70641447371828  3.857892334790456e-41
83.40490693356078  3.7407499903305844e-41
86.15479706710643  3.574912521880363e-41
92.37241071101221  3.22312575598206e-41
100.23579021171653  2.997560985257069e-41
109.29252251016291  2.8861122029229634e-41
119.16756930238914  2.8861122029229634e-41
129.9348688023849  2.8861122029229634e-41
141.67503985796674  2.8861122029229634e-41
154.475985574613  2.8698717797098154e-41
168.43355147929523  2.8629396038064775e-41
183.6522431522248  2.8468295749751626e-41
200.2460086996975  2.8445355544291956e-41
218.33909192670578  2.8353779429376485e-41
238.06696259734483  2.7743304569561014e-41
259.5773307482249  2.692801855871176e-41
281.67435133848426  2.5063705410931994e-41
305.65242339636956  2.3178500526781495e-41
331.6716750536079  2.1383317732721788e-41
361.63962927029155  1.971127599080976e-41
392.42489973749724  1.8213973314710033e-41
425.8308256888691  1.6884766649770772e-41
462.0804954735579  1.5614753136844406e-41
503.8314443012982  1.4805680014495877e-41
548.0363363939715  1.5330375272576663e-41
596.1196535175294  1.6009888209251206e-41
649.9816134855948  1.6628118693991172e-41
708.710231874471  1.742404803344725e-41
772.7452320844727  1.8184630923033348e-41
838.5266593577098  1.8947840375501728e-41
914.2911289436006  1.9838807283592943e-41